90
99
0
1 
23
2
21
2
2
12
3
4
5
6
64565
8
76
7
4654
6
54654
65
656
6
6
465
654
66
56
56
46
56
6
546
456
546
6
546
6
456
546
546
456
456
456
45
645
654
654
6456
45
654
6
4
123
123
3
4
46
56
86
987
9
7
412
4
545
7
6799
087
9
879
6
545
5
324
234
4
124
1234
1234
13
12
312
31
23
13
13
14
1212
212
23123
123
23
213
23
23
123
123
3
332
312
312
222
321
312
3
123
213
123
123
123
123
123
123
13
333
6
54
665
756
7
568
678
678
56
765
7
5463
45
42
321
3
123
235
36
457
568
678
678
567
65
634
532
432
423
42
3443
2432
233
242